s	sd	sd/s	U	min_Kolmogorov	RMSE
0.000805	0.00048	0.48	0.006	0.002375764930752	0.0007515948991816
6.5e-05	0.00148	1.48	0.006	0.0133298130949376	0.0050379265576406
3.5e-05	0.00181	1.8099999999999998	0.006	0.011497608540092	0.0047043621255277
0.00061	0.00068	0.68	0.006	0.0005370733638401	0.0001760065451131
0.000985	2e-05	0.02	0.006	0.0010075536703674	0.0003985418971483
3.5e-05	0.00197	1.97	0.006	0.0130106522933425	0.0051919274928454
0.00067	0.00061	0.61	0.006	0.0023453254442651	0.0007177814993053
0.000975	5e-05	0.05	0.006	0.0015619229441092	0.0004735746408741
4e-05	0.00166	1.66	0.006	0.0130741602062259	0.0051384068103706
0.000365	0.00089	0.8899999999999999	0.006	0.0018203539724626	0.0005622494892656
0.00016	0.00115	1.15	0.006	0.0064865719526369	0.0025744917968888
0.000345	0.00092	0.92	0.006	0.0020585905419348	0.0007699766242301
0.00086	0.00039	0.38999999999999996	0.006	0.0015583574784303	0.0005409848471914
0.00041	0.00087	0.87	0.006	0.001179662542096	0.000458847024475
0.00082	0.00049	0.49	0.006	0.0023870139203876	0.0007404215423406
4e-05	0.0017	1.7	0.006	0.0133552439465401	0.0050886795145528
3e-05	0.00196	1.96	0.006	0.012602276626246	0.0050422454224378
0.00063	0.00066	0.66	0.006	0.0006940261146807	0.0002258070826626
3.5e-05	0.0018	1.7999999999999998	0.006	0.0130617648731091	0.0051098016082018
7e-05	0.0014	1.4	0.006	0.0138154675150455	0.0047070365137696
0.00054	0.00074	0.74	0.006	0.0023363542331804	0.0009130481932112
0.00042	0.00088	0.88	0.006	0.0036875346518782	0.0013887760512036
0.00064	0.00069	0.69	0.006	0.0041632959262925	0.0015618828703066
0.0007	0.00059	0.59	0.006	0.0035925154638599	0.0011369682668679
0.00088	0.00044	0.44	0.006	0.0022260142844464	0.0007564408512985
0.00084	0.00046	0.46	0.006	0.003191497173361	0.0011969226108564
0.00044	0.00082	0.82	0.006	0.0006429372112588	0.0002473740868478
3.5e-05	0.00167	1.67	0.006	0.014006123808409	0.0050702079956218
0.000355	0.00091	0.91	0.006	0.0015837902961236	0.0005670487711379
0.000165	0.00119	1.1900000000000002	0.006	0.0078199562904717	0.0026660173367851
0.000855	0.00038	0.38	0.006	0.00056339860908	0.0001780163704255
0.000215	0.00109	1.09	0.006	0.0044573847673788	0.001597835189396
0.000835	0.00047	0.47	0.006	0.0024719861623368	0.0008422713815968
4.5e-05	0.00161	1.61	0.006	0.0126433220098134	0.0050478981579919
5e-05	0.00155	1.5499999999999998	0.006	0.0121133570759473	0.0048396871699957
0.00046	0.00081	0.8099999999999999	0.006	0.0011289589893047	0.0003411184604168
0.000935	0.00031	0.31	0.006	0.0011189630293323	0.0003591970499806
7e-05	0.00145	1.45	0.006	0.0116924688268928	0.0044036886886598
0.00101	7e-05	0.06999999999999999	0.006	0.0015710643713356	0.0005094982889836
0.00098	0.00015	0.15	0.006	0.0003608845368608	0.0001121991540742
3.5e-05	0.00173	1.73	0.006	0.0133329203468869	0.0047877915222957
0.0001	0.00128	1.28	0.006	0.0114289127768627	0.0043409939686804
3.5e-05	0.0019	1.9	0.006	0.0133112110896963	0.0053508344683513
0.000425	0.00085	0.85	0.006	0.0007301265209087	0.0002301040518017
0.000735	0.00052	0.5199999999999999	0.006	0.0014645804912087	0.000469133198858
0.00055	0.00073	0.73	0.006	0.0017480010676609	0.0006866915422159
0.0001	0.00132	1.32	0.006	0.0112203398651904	0.0041197400247426
0.00098	0.00014	0.13999999999999999	0.006	0.0003352252601168	0.0001205226506324
0.00097	0.0002	0.2	0.006	0.0007671347498715	0.0002600965597347
0.000385	0.0009	0.8999999999999999	0.006	0.0015771077138431	0.0005232375903439
9.5e-05	0.00133	1.33	0.006	0.0117965672240328	0.0043249904481146
0.00091	0.00032	0.32	0.006	0.0010819080719068	0.0003559817155779
0.00094	0.00021	0.21	0.006	0.0014906553673105	0.0004545813920694
7.5e-05	0.00139	1.39	0.006	0.0132023297509846	0.0050755912311071
0.00031	0.00098	0.98	0.006	0.0015141950447944	0.0005141677030438
8.5e-05	0.00138	1.38	0.006	0.0124851488964045	0.0050794067066037
0.000985	4e-05	0.04	0.006	0.0010372297238333	0.0003272643027472
0.00014	0.0012	1.2	0.006	0.0095031662952559	0.0038100535338432
0.000275	0.00101	1.01	0.006	0.0024720698701117	0.0007311575398701
0.000955	0.00024	0.24	0.006	0.0002131251792605	6.10348945236081e-05
0.00099	0.00011	0.11	0.006	0.0004036984607522	0.0001266177749737
0.00052	0.00078	0.7799999999999999	0.006	0.0020892962737958	0.0007707540762612
4.5e-05	0.00162	1.6199999999999999	0.006	0.0128357609332446	0.0050445197715369
3.5e-05	0.00198	1.98	0.006	0.0123199921220132	0.0050330447482132
6.5e-05	0.00143	1.43	0.006	0.012172301440156	0.0047094033059501
9.5e-05	0.00136	1.36	0.006	0.0114966404279353	0.0042463750724655
0.00084	0.00043	0.43	0.006	0.000747357679459	0.0002354090966549
0.000295	0.00097	0.9700000000000001	0.006	0.0036486766233628	0.0013783542760582
4e-05	0.00168	1.68	0.006	0.0123378305245757	0.0048987224142761
6.5e-05	0.00147	1.47	0.006	0.0126184345580184	0.0048107772127794
0.00063	0.00063	0.63	0.006	0.0017024034071289	0.0005900916800188
0.000125	0.00127	1.27	0.006	0.0113382945109936	0.0044880715042928
4e-05	0.00163	1.63	0.006	0.0126185629677215	0.0050435916601265
0.0007	0.00058	0.58	0.006	0.0019731427681554	0.0005877593113921
0.000585	0.00071	0.71	0.006	0.004091993482264	0.0013904449642356
3.5e-05	0.00174	1.74	0.006	0.0123795279479768	0.0046662692301422
0.00097	0.00017	0.17	0.006	0.001791428595834	0.0006139825752003
3.5e-05	0.00176	1.76	0.006	0.0118528757967463	0.0045891512948776
0.00054	0.00076	0.76	0.006	0.0040597985819809	0.0013498710704736
0.00089	0.00036	0.36000000000000004	0.006	0.0002401379343334	9.037720046733684e-05
3.5e-05	0.00175	1.75	0.006	0.0131922341200071	0.0049217322192766
0.000245	0.00103	1.03	0.006	0.0045412563101574	0.0017204692112256
3e-05	0.00186	1.86	0.006	0.0125921373163294	0.0049932491611045
0.000245	0.00106	1.0599999999999998	0.006	0.0033956990342989	0.0010427030867699
0.000755	0.00053	0.5299999999999999	0.006	0.001725845184989	0.0005256457250214
0.000125	0.00129	1.2899999999999998	0.006	0.0090493031690007	0.0033935972707456
5.5e-05	0.00157	1.57	0.006	0.0116241202397935	0.0045424179258199
0.000225	0.00108	1.08	0.006	0.0046196437926135	0.0017630329105411
0.00093	0.00027	0.27	0.006	0.0003347565765791	0.0001107406241825
7e-05	0.00146	1.46	0.006	0.010061866716547	0.0039987664778322
0.00025	0.00102	1.02	0.006	0.0052444860854447	0.0019558647139388
0.00091	0.0003	0.3	0.006	0.0011386985083103	0.0003577791002413
0.000735	0.00054	0.54	0.006	0.0007424435149925	0.0002370160026322
3e-05	0.00187	1.8699999999999999	0.006	0.0129997218643722	0.0051194146718884
3e-05	0.00195	1.95	0.006	0.0124467420683547	0.0050867813514873
0.00087	0.0004	0.4	0.006	0.0014207774829576	0.0005231110527241
0.00032	0.00095	0.95	0.006	0.0015844798971596	0.0005834919169659
0.00093	0.00028	0.27999999999999997	0.006	0.0009607319228317	0.0002979002003507
0.000685	0.00062	0.62	0.006	0.0044327395470575	0.0016276840336843
6e-05	0.00149	1.49	0.006	0.0133434667153783	0.0048876478069247
0.00098	8e-05	0.08	0.006	0.0014382704021247	0.00056571344911
0.000195	0.00113	1.13	0.006	0.0054913216418035	0.00217547222564
3e-05	0.00183	1.83	0.006	0.0127399542290105	0.0050844303105138
4.5e-05	0.00156	1.5599999999999998	0.006	0.0127065017820338	0.0051065688605592
0.000765	0.0005	0.5	0.006	0.0004743093824111	0.0001865868373963
7e-05	0.00144	1.4400000000000002	0.006	0.0105281122956601	0.0041503613030669
0.000135	0.00121	1.21	0.006	0.0086930955995647	0.0032583394349366
3e-05	0.00191	1.91	0.006	0.0124611079520632	0.0050361029149388
0.00054	0.00077	0.7699999999999999	0.006	0.005850545385661	0.0018860804337959
0.000245	0.00104	1.0399999999999998	0.006	0.0051516721926713	0.0017067942581008
5.5e-05	0.0016	1.6	0.006	0.0120479377674145	0.0045663801245717
0.00082	0.00045	0.44999999999999996	0.006	0.0006514670565344	0.0002249704181273
0.000715	0.00056	0.5599999999999999	0.006	0.002575610073867	0.0007805561054552
3.5e-05	0.00189	1.89	0.006	0.0127843788887767	0.0050101006010104
0.000165	0.00117	1.17	0.006	0.0090239681397727	0.0030724236176016
5.5e-05	0.00152	1.52	0.006	0.0117102591262006	0.0043390083320292
0.00052	0.0008	0.8	0.006	0.004866358834094	0.0019388870177608
7e-05	0.00141	1.41	0.006	0.011654258366543	0.0042090699015764
0.00013	0.00123	1.23	0.006	0.0089369422915075	0.0033480965366779
0.000985	1e-05	0.01	0.006	0.0021306079364908	0.0007220984586608
0.000945	0.00034	0.34	0.006	0.0023583595256599	0.0007588813143761
0.000225	0.00111	1.11	0.006	0.0060651493821431	0.0019656595416822
4e-05	0.00165	1.65	0.006	0.0125567149074613	0.0049691222658388
0.000115	0.00125	1.25	0.006	0.0113022597582438	0.0037833032785682
3.5e-05	0.00192	1.92	0.006	0.0127512185678605	0.0051487343724626
0.000205	0.0011	1.1	0.006	0.0065057042377434	0.0025772897807762
0.001005	0.0001	0.1	0.006	0.0011572730132508	0.0004381844440968
0.00046	0.00084	0.84	0.006	0.0033904720782473	0.0011121722970499
0.00017	0.00116	1.16	0.006	0.0099916365798916	0.0036368054005429
0.00013	0.00126	1.26	0.006	0.0104353143023374	0.0037269167232056
0.000365	0.00093	0.93	0.006	0.0010511512751413	0.000327843943256
0.000275	0.001	1.0	0.006	0.0060738144358163	0.0018216551018508
3e-05	0.00179	1.7899999999999998	0.006	0.0124895690899369	0.0049640583759934
3.5e-05	0.002	2.0	0.006	0.0135165617399508	0.0054115295735734
5.5e-05	0.00159	1.59	0.006	0.0114866751181242	0.004594183198318
0.000105	0.00134	1.34	0.006	0.0117223603527624	0.0043672622895795
3e-05	0.00193	1.93	0.006	0.0124408929983225	0.0050679108417027
0.00061	0.00067	0.67	0.006	0.0042873502950632	0.0012839505960762
9.5e-05	0.0013	1.2999999999999998	0.006	0.0131712171278922	0.0045257308271666
0.000165	0.00118	1.18	0.006	0.0077601410909218	0.0026722034804789
5.5e-05	0.00153	1.5299999999999998	0.006	0.0124574669921427	0.0047040382270282
0.000225	0.00107	1.07	0.006	0.0058825238546107	0.0019763577480689
3.5e-05	0.00199	1.99	0.006	0.0128396516821158	0.0051415942588859
0.000985	3e-05	0.03	0.006	0.0010471664631806	0.0003453495013306
6e-05	0.00151	1.51	0.006	0.0118044318548128	0.0046256145746051
0.000185	0.00114	1.14	0.006	0.0069282386125074	0.0026415922267835
0.000985	6e-05	0.06	0.006	0.000963161690615	0.0002876802403996
3e-05	0.00188	1.88	0.006	0.0127148268152353	0.005170116524059
0.000975	0.00013	0.12999999999999998	0.006	0.0011025798849397	0.0003551917116539
3.5e-05	0.00194	1.9400000000000002	0.006	0.0128448669033061	0.0050803043157049
0.000135	0.00122	1.22	0.006	0.010546769772225	0.0039591900635635
5.5e-05	0.00154	1.5399999999999998	0.006	0.011691058752456	0.0046412965204006
0.00096	0.00018	0.18000000000000002	0.006	0.0005801867657307	0.0002154638648501
0.000455	0.00083	0.83	0.006	0.0023527129524477	0.0008679957024848
0.000475	0.00079	0.79	0.006	0.0010092046191613	0.0003111627629521
0.00024	0.00105	1.0499999999999998	0.006	0.0044999647956378	0.0016112312752944
0.00098	0.00022	0.22	0.006	0.0003557300733559	0.0001203322804772
0.000285	0.00099	0.99	0.006	0.0030187621919098	0.0009403791084281
0.00093	0.00033	0.33	0.006	0.0011978344045677	0.0004030983195312
0.0009	0.00041	0.41	0.006	0.0037713125269477	0.0011710189146682
8e-05	0.00137	1.3699999999999999	0.006	0.0106787443608779	0.004157900009227
5e-05	0.00158	1.58	0.006	0.0124953142664071	0.0048434504659777
0.000325	0.00096	0.96	0.006	0.0004182701081583	0.0001233719950669
3.5e-05	0.00171	1.71	0.006	0.0129873641405003	0.0049470761744412
0.00088	0.00042	0.42	0.006	0.0011390075363216	0.0003750207403158
0.00063	0.0006	0.6	0.006	0.0019483005605096	0.0006814538130945
0.00077	0.00051	0.51	0.006	0.000510610114682	0.000169373518914
0.000955	0.00023	0.23	0.006	0.0007903321388452	0.0002558722434675
0.000655	0.00065	0.6499999999999999	0.006	0.0029964407376855	0.0011007239417798
0.000415	0.00086	0.86	0.006	0.0031107030449748	0.0009975729029557
0.000105	0.00131	1.3099999999999998	0.006	0.0116911952853084	0.0042541166408517
0.000935	0.00026	0.25999999999999995	0.006	0.0012210170542561	0.0003623957849128
0.00063	0.00064	0.64	0.006	0.0027610108796094	0.0008388208357321
5e-05	0.00164	1.64	0.006	0.012649433269656	0.0049825657116911
0.0003	0.00094	0.94	0.006	0.0034481445739009	0.0011726899052966
0.00013	0.00124	1.24	0.006	0.0119711722646361	0.0039885721902636
0.00098	0.00012	0.12	0.006	0.0012371471041374	0.0004336608584356
0.000715	0.00057	0.57	0.006	0.0011647093962233	0.0003920922558562
0.000575	0.00072	0.7200000000000001	0.006	0.0024369521012443	0.0008467496045965
3.5e-05	0.00182	1.82	0.006	0.0120571335463185	0.0049520660708315
0.00093	0.00029	0.29	0.006	0.0009249615386273	0.0003538243807114
0.00084	0.00037	0.37	0.006	0.0007306933304588	0.000244395100649
0.00087	0.00035	0.35	0.006	0.0009275894194243	0.0003015959442927
0.00101	9e-05	0.09000000000000001	0.006	0.0005626465596549	0.0001815120547361
0.00099	0.0	0.0	0.006	0.0009111611480801	0.0002782039906869
3.5e-05	0.00172	1.72	0.006	0.0133591950749696	0.0049649879669468
7e-05	0.00142	1.42	0.006	0.0116822479603715	0.0042268587752666
0.00075	0.00055	0.55	0.006	0.0023503700668366	0.0008189056607044
6e-05	0.0015	1.5	0.006	0.010724302945253	0.00422493242287
0.00054	0.00075	0.75	0.006	0.0019654596757924	0.000726452336652
0.000985	0.00019	0.19	0.006	0.0005774352386603	0.0001861297564262
3.5e-05	0.00184	1.84	0.006	0.0126014523490765	0.0051344195102846
0.000985	0.00016	0.16	0.006	0.0007838425835553	0.0002699849429977
9.5e-05	0.00135	1.35	0.006	0.0106035895284353	0.0036232862205311
3.5e-05	0.00178	1.7799999999999998	0.006	0.012014365375673	0.0049483190860933
0.000585	0.0007	0.7	0.006	0.0006102365415205	0.0001960892989644
3e-05	0.00185	1.85	0.006	0.0119746535621014	0.0048930262032251
0.000215	0.00112	1.1199999999999999	0.006	0.0074641801337752	0.0022748301924606
3.5e-05	0.00177	1.77	0.006	0.0120793907084654	0.0048642787805427
0.00096	0.00025	0.25	0.006	0.0001779866400355	5.260354702596806e-05
3.5e-05	0.00169	1.6900000000000002	0.006	0.0142176149168266	0.0051143884568082
