s	sd	sd/s	U	min_Kolmogorov	RMSE
0.001	0.00129	1.2899999999999998	0.00039	0.0068181899645159	0.0023652345464826
0.001	0.00071	0.71	0.00225	0.0078755646318229	0.0028514613932095
0.001	0.00069	0.69	0.00306	0.0062834281115791	0.0022732597034964
0.001	0.00034	0.34	0.00531	0.0002713614992448	7.937931122680647e-05
0.001	0.00124	1.24	0.00042	0.0059708931504111	0.0024235314363085
0.001	0.00111	1.11	0.00063	0.0094054551949351	0.0032478226684564
0.001	0.00186	1.86	0.00018	0.0084667296999162	0.0032704574213461
0.001	0.0011	1.1	0.00063	0.0100548338154022	0.0033966405346196
0.001	0.00089	0.8899999999999999	0.00105	0.0140219118315337	0.0053449865365732
0.001	0.00103	1.03	0.00066	0.0111404186943795	0.0039352411529188
0.001	2e-05	0.02	0.00591	0.0008109539490552	0.0002944079920737
0.001	1e-05	0.01	0.00606	0.0004695991532642	0.0001750599877731
0.001	0.00077	0.7699999999999999	0.00159	0.0149504730632683	0.0052541752510898
0.001	0.00067	0.67	0.00276	0.0083083888898254	0.002385286241012
0.001	0.00198	1.98	0.00018	0.0078109749461962	0.0032341402539403
0.001	0.00197	1.97	0.00018	0.0085851159332311	0.0034594972724855
0.001	0.00101	1.01	0.00075	0.0091887851238677	0.0033843911136068
0.001	0.00115	1.15	0.00051	0.0086385670525641	0.0029449389787925
0.001	0.00117	1.17	0.00048	0.0078547539989617	0.0030081089671807
0.001	0.00164	1.64	0.00021	0.0069722800686023	0.0025639150866856
0.001	0.00185	1.85	0.00018	0.0091503782368954	0.0033188903287622
0.001	0.00155	1.5499999999999998	0.00021	0.0070655674279165	0.0025061397338747
0.001	0.00126	1.26	0.00042	0.0063759485391555	0.0023411268015624
0.001	0.00037	0.37	0.00435	0.0039879245643734	0.0014133290081716
0.001	0.00187	1.8699999999999999	0.00018	0.0086415663138408	0.0033697074053877
0.001	0.00057	0.57	0.00339	0.0067942298468985	0.0020572437579801
0.001	0.00095	0.95	0.00087	0.0126392093665373	0.0047553431598631
0.001	0.00178	1.7799999999999998	0.00018	0.007357795053826	0.0031165314476189
0.001	0.00036	0.36000000000000004	0.00453	0.0050082808044415	0.0016034300403866
0.001	0.00059	0.59	0.00342	0.001528169482027	0.0004216811959986
0.001	0.00125	1.25	0.00042	0.0054277249210948	0.0021153578521604
0.001	0.0013	1.2999999999999998	0.00033	0.0084308869320639	0.0028730495500756
0.001	0.00028	0.27999999999999997	0.00576	0.0011808275238099	0.0003877952003309
0.001	0.0017	1.7	0.00018	0.0081791590568998	0.0028842552891429
0.001	0.00088	0.88	0.00111	0.0142080037206501	0.0047042896287229
0.001	0.00078	0.7799999999999999	0.00138	0.0191332035828462	0.0067456593619141
0.001	8e-05	0.08	0.00621	0.0010415669453448	0.0003613314067809
0.001	0.00062	0.62	0.00309	0.0021448154202325	0.000681316157621
0.001	0.00173	1.73	0.00018	0.0076469495198798	0.0027161133336714
0.001	0.00171	1.71	0.00018	0.0077592547776663	0.002958062979596
0.001	0.00162	1.6199999999999999	0.00021	0.0062439141393096	0.0024882708799868
0.001	9e-05	0.09000000000000001	0.00597	0.0009772414206021	0.0003155855352939
0.001	0.00167	1.67	0.00018	0.0084309467519632	0.0030052309511235
0.001	0.00018	0.18000000000000002	0.00591	0.0010125486896821	0.0003524355222086
0.001	0.00025	0.25	0.00564	0.0012167040941076	0.0003835874691318
0.001	0.00043	0.43	0.00435	0.0030541886093661	0.001009961712702
0.001	0.00108	1.08	0.00063	0.0080616659708082	0.0031368865647043
0.001	0.00166	1.66	0.00021	0.0085048729088276	0.003021691812441
0.001	0.00134	1.34	0.00036	0.0078165902837184	0.0027209656657753
0.001	0.00158	1.58	0.00021	0.006524349507914	0.0024119676040653
0.001	0.00098	0.98	0.00081	0.0117569884449059	0.004429956347696
0.001	0.00039	0.38999999999999996	0.00453	0.0035886492502645	0.0011426977374721
0.001	0.00087	0.87	0.00111	0.0148779467880782	0.0052965869893583
0.001	0.00092	0.92	0.0009	0.0155584986855558	0.0056539746898572
0.001	0.00181	1.8099999999999998	0.00018	0.006958614018466	0.0028882778510219
0.001	0.00023	0.23	0.00558	0.0002581187377578	8.268742457738779e-05
0.001	0.00199	1.99	0.00018	0.0079480452260719	0.0032588459579237
0.001	0.00139	1.39	0.0003	0.0058526815277851	0.0023517126278
0.001	0.0001	0.1	0.00612	0.0006579930555295	0.0002143424626959
0.001	0.002	2.0	0.00018	0.0090860201293834	0.0036777606110916
0.001	0.0003	0.3	0.00507	0.0012074411594639	0.0004045946885104
0.001	0.00019	0.19	0.00591	0.0009356565489624	0.0003024010482332
0.001	0.00138	1.38	0.0003	0.0084804644713692	0.0030051944849717
0.001	0.00042	0.42	0.00474	0.0009808865344828	0.0002968109950016
0.001	0.00146	1.46	0.00027	0.0061305367954609	0.0021515255713129
0.001	0.00131	1.3099999999999998	0.00036	0.0077619630114607	0.0026602138796918
0.001	0.00142	1.42	0.00027	0.0077964496265847	0.0028244522808949
0.001	0.00183	1.83	0.00015	0.0094240592761423	0.0033948388576236
0.001	0.00133	1.33	0.00033	0.007193419303514	0.0025653436443774
0.001	0.00169	1.6900000000000002	0.00018	0.0085838434967797	0.0030461527177713
0.001	5e-05	0.05	0.00573	0.0010708037019263	0.0004126424708634
0.001	0.00121	1.21	0.00045	0.0058357528700807	0.0022436782581326
0.001	4e-05	0.04	0.00591	0.0006751281370181	0.0002114775802571
0.001	0.00052	0.5199999999999999	0.00387	0.0025454562700284	0.0008190663144721
0.001	0.00097	0.9700000000000001	0.00078	0.0129602295088023	0.0048952635920735
0.001	0.00156	1.5599999999999998	0.00021	0.0065537912428499	0.0025470872965261
0.001	0.00145	1.45	0.00027	0.0062077918094634	0.0021819671850132
0.001	0.00165	1.65	0.00021	0.0079693241374642	0.0028377368425761
0.001	0.00063	0.63	0.00306	0.0049756171054116	0.0015199464299681
0.001	0.00148	1.48	0.00027	0.0050773704192849	0.0021106747307349
0.001	0.00056	0.5599999999999999	0.00339	0.0035293694336542	0.0013408267967189
0.001	0.00084	0.84	0.00126	0.0167909172832794	0.0056168954336066
0.001	0.00065	0.6499999999999999	0.00306	0.0046249332999768	0.0013528498255681
0.001	0.00141	1.41	0.00027	0.0077759594627634	0.0028178978700628
0.001	0.00113	1.13	0.00057	0.0087289886682685	0.0030282377441274
0.001	0.00035	0.35	0.0051	0.0018446240721541	0.0006576339552302
0.001	0.00189	1.89	0.00018	0.0083451752761347	0.0032753546194925
0.001	0.00049	0.49	0.00444	0.0010933015198598	0.0003270620944513
0.001	0.0005	0.5	0.00381	0.002611567641554	0.0009401370884678
0.001	0.0	0.0	0.00594	0.0004828635235447	0.0001580229029754
0.001	0.00074	0.74	0.00171	0.0151358478301999	0.005301758638467
0.001	0.00163	1.63	0.00021	0.007331024009924	0.0027454730891928
0.001	0.0004	0.4	0.00474	0.0017787299600398	0.000550890634491
0.001	0.00188	1.88	0.00018	0.0096008620914387	0.0035682395585037
0.001	0.00053	0.5299999999999999	0.00387	0.0025233960322619	0.0007384671064232
0.001	0.0018	1.7999999999999998	0.00018	0.0080225580499617	0.0031781150702593
0.001	0.00104	1.0399999999999998	0.00066	0.0101168947332365	0.0037437371673872
0.001	0.00051	0.51	0.00381	0.0031629469843795	0.000975427384872
0.001	0.00032	0.32	0.00507	0.0013401766627285	0.0004605639883619
0.001	0.00082	0.82	0.00126	0.0162305084364318	0.0060009586401572
0.001	0.00128	1.28	0.00036	0.0060206308021857	0.0023669636078769
0.001	0.00144	1.4400000000000002	0.00027	0.006596782374574	0.0023170342519582
0.001	0.00149	1.49	0.00024	0.0081980252092044	0.002848818359176
0.001	0.00172	1.72	0.00018	0.0079854769615158	0.0029348506419976
0.001	0.00044	0.44	0.00474	0.0004372094290277	0.0001364080603585
0.001	0.00179	1.7899999999999998	0.00018	0.008663423236921	0.0032652421407373
0.001	0.00116	1.16	0.00054	0.0081181588590226	0.002875222941721
0.001	0.00174	1.74	0.00018	0.0070262468927292	0.0026479734895822
0.001	0.00011	0.11	0.00594	0.0003358604257952	0.0001131352461496
0.001	0.00026	0.25999999999999995	0.0054	0.0010890270499085	0.0003240489913356
0.001	0.00118	1.18	0.00048	0.0087724165004298	0.0029377791168699
0.001	0.00041	0.41	0.00459	0.0007845371739103	0.0002839443456118
0.001	0.00046	0.46	0.00435	0.0004613826243344	0.0002003969418833
0.001	0.0014	1.4	0.0003	0.0061779766308466	0.0025720675752704
0.001	0.00135	1.35	0.00033	0.0060230612004489	0.0020053046483703
0.001	0.00136	1.36	0.00033	0.0068386248375488	0.0025336800019958
0.001	0.00161	1.61	0.00021	0.0066364076400634	0.0024876126272123
0.001	0.00123	1.23	0.00045	0.0072311813493275	0.002409767974909
0.001	0.0006	0.6	0.00306	0.0051367629251185	0.0015820457575754
0.001	0.00033	0.33	0.00525	0.0009754784927555	0.0003021439015699
0.001	7e-05	0.06999999999999999	0.00588	0.0003110056053565	0.0001145825309251
0.001	0.00086	0.86	0.00108	0.0164709307117392	0.0062559392258688
0.001	0.00021	0.21	0.00537	0.0025329653686715	0.0007971199657395
0.001	0.00066	0.66	0.00306	0.0035403102624952	0.0010366027839559
0.001	0.00114	1.14	0.00054	0.0091329773142225	0.0029996461045448
0.001	0.00093	0.93	0.00105	0.012789216588714	0.0047680184090401
0.001	0.00151	1.51	0.00024	0.0068142116318353	0.0024815960019948
0.001	0.00153	1.5299999999999998	0.00024	0.0064625585697224	0.0025839454147453
0.001	0.00194	1.9400000000000002	0.00018	0.0083959177898674	0.0033325667604502
0.001	0.00027	0.27	0.00528	0.0013019162749342	0.0003970901284399
0.001	0.00184	1.84	0.00018	0.008110429808096	0.0033457399338607
0.001	0.0007	0.7	0.00225	0.0119704002191125	0.0040918302643844
0.001	0.00072	0.7200000000000001	0.00198	0.0120495647525069	0.0044395089824089
0.001	0.00016	0.16	0.00591	0.0007448244234047	0.0002395568893208
0.001	0.00091	0.91	0.00105	0.0145196311324455	0.004739222516233
0.001	0.00107	1.07	0.00063	0.0092328254818825	0.0032804532398091
0.001	0.00152	1.52	0.00024	0.0053182910891872	0.0021525582502763
0.001	0.00176	1.76	0.00018	0.0066242155723051	0.0026175323682419
0.001	0.00031	0.31	0.00543	0.0007374220844493	0.0002678506838599
0.001	0.00055	0.55	0.00372	0.0024900213403654	0.0007230654958682
0.001	0.00081	0.8099999999999999	0.00126	0.0195106597483	0.0068037326503302
0.001	0.00017	0.17	0.00588	0.0003684999106734	0.000101172139473
0.001	0.00022	0.22	0.00552	0.0007171891273819	0.0002390845143467
0.001	0.00102	1.02	0.00072	0.0120285305687541	0.0044195029391905
0.001	0.00168	1.68	0.00021	0.0067521739836691	0.0025707164102823
0.001	0.00177	1.77	0.00018	0.0071081827197257	0.0029824998297501
0.001	0.00182	1.82	0.00018	0.0073428760204642	0.0031137033800246
0.001	6e-05	0.06	0.00585	0.0007810313872876	0.0002376193456063
0.001	0.00075	0.75	0.00171	0.0155120217567272	0.0054873435562792
0.001	0.00143	1.43	0.00027	0.0045112474692725	0.0017722822062103
0.001	0.00137	1.3699999999999999	0.0003	0.0069393769162589	0.0023934383643522
0.001	0.00196	1.96	0.00018	0.0088786351641585	0.0033658246440551
0.001	0.00085	0.85	0.00126	0.0197705080189682	0.005977609304913
0.001	0.00127	1.27	0.00039	0.0091377626960943	0.0033703727685802
0.001	0.00132	1.32	0.00036	0.0058231539859082	0.0021550595232561
0.001	0.00068	0.68	0.00225	0.0111499333669188	0.0042191854877511
0.001	0.00157	1.57	0.00021	0.0076230051154413	0.0026795046686925
0.001	0.001	1.0	0.00075	0.0111859009885171	0.0040756619439132
0.001	0.00195	1.95	0.00018	0.0095585332066415	0.0035090478345223
0.001	0.0008	0.8	0.00138	0.0161917925661639	0.0056072204807259
0.001	0.00192	1.92	0.00018	0.008282016078622	0.0033814839145602
0.001	0.00096	0.96	0.0009	0.0131746430361432	0.0046011936461328
0.001	0.00014	0.13999999999999999	0.0057	0.0010411845620177	0.0003176872256168
0.001	3e-05	0.03	0.00591	0.0007180534684595	0.0002661611631407
0.001	0.00029	0.29	0.00525	0.00059607584904	0.0001877911209384
0.001	0.0019	1.9	0.00018	0.0084687810163728	0.0034851675866001
0.001	0.00038	0.38	0.0048	0.0020015291262024	0.0006616072038917
0.001	0.00012	0.12	0.00582	0.0011148626505631	0.000342364781798
0.001	0.00079	0.79	0.00138	0.0188645501655821	0.0063301015138277
0.001	0.0016	1.6	0.00021	0.0073424766560428	0.0025857774833652
0.001	0.00061	0.61	0.00309	0.0049135181209367	0.0015311269918262
0.001	0.00109	1.09	0.00057	0.0097412683770368	0.0031618665799824
0.001	0.0012	1.2	0.00045	0.0081813445113227	0.0027473460974989
0.001	0.00024	0.24	0.00564	0.0001280656849899	4.103082318712958e-05
0.001	0.00083	0.83	0.00126	0.0183463447430771	0.0059017814636613
0.001	0.00191	1.91	0.00018	0.0090914281467101	0.0034041853325516
0.001	0.00119	1.1900000000000002	0.00048	0.0088455818893006	0.0029499504020669
0.001	0.00054	0.54	0.00387	0.0014015864297837	0.0004760799536781
0.001	0.00094	0.94	0.00084	0.0127967747667557	0.005002365997647
0.001	0.00106	1.0599999999999998	0.00066	0.0085426808985921	0.0030817298528922
0.001	0.00122	1.22	0.00045	0.007689427042741	0.0029472942430374
0.001	0.0015	1.5	0.00024	0.0057011756372917	0.002074483708134
0.001	0.00048	0.48	0.00414	0.0013292459630812	0.0003762816639878
0.001	0.00047	0.47	0.00456	0.0013408850585189	0.0004288201402509
0.001	0.00099	0.99	0.00075	0.0125293949787919	0.0041811272179483
0.001	0.00076	0.76	0.00159	0.0152801519138793	0.0056793312639895
0.001	0.00045	0.44999999999999996	0.00453	0.0009374198539376	0.0002624190909983
0.001	0.0009	0.8999999999999999	0.00105	0.0160443344322828	0.0056053124572241
0.001	0.00147	1.47	0.00027	0.0046527703007874	0.0018861164547061
0.001	0.00064	0.64	0.00294	0.005346142264859	0.0016434256388691
0.001	0.00015	0.15	0.0057	0.0008065216024106	0.0002427303893713
0.001	0.00159	1.59	0.00024	0.0075803854575311	0.0027125774918383
0.001	0.00175	1.75	0.00018	0.0078171326996944	0.0028940371363408
0.001	0.0002	0.2	0.00567	0.0017449086627968	0.000553641989017
0.001	0.00193	1.93	0.00018	0.0093393233599865	0.0034688960409509
0.001	0.00058	0.58	0.00357	0.003037759175858	0.0008759924701345
0.001	0.00013	0.12999999999999998	0.00573	0.0004970317415704	0.000168793419395
0.001	0.00073	0.73	0.00195	0.0136793760073118	0.004387302654479
0.001	0.00112	1.1199999999999999	0.00057	0.0081993567764722	0.0028781594690867
0.001	0.00105	1.0499999999999998	0.00066	0.0124460249855852	0.0039629172213697
0.001	0.00154	1.5399999999999998	0.00024	0.0075942721454959	0.0027296839050577
